#
# leduc strategy defense
# made on:       Thu Nov 10 14:35:30 2022
# abstraction:   ./abstractions/fullgame
# opponent:      ./abstractions/fullgame
# iterations:    100000000
#
J:/r: 0.054965721 0.125746039 0.819288239
Q:/r: 0.371879673 0.628118498 0.000001830
K:/r: 0.581907822 0.418092168 0.000000010
JJ:/rrc/r: 0.999996124 0.000003573 0.000000303
JQ:/rrc/r: 0.449106063 0.000001364 0.550892573
JK:/rrc/r: 0.300922685 0.000001430 0.699075885
QJ:/rrc/r: 0.000000633 0.000000169 0.999999198
QQ:/rrc/r: 0.999998047 0.000001569 0.000000384
QK:/rrc/r: 0.000000568 0.515606993 0.484392439
KJ:/rrc/r: 0.042121247 0.882937317 0.074941436
KQ:/rrc/r: 0.077175236 0.545987454 0.376837311
KK:/rrc/r: 0.962260438 0.037739332 0.000000230
JJ:/rrc/c: 0.999999546 0.000000454 0.000000000
JQ:/rrc/c: 0.000061406 0.999938594 0.000000000
JK:/rrc/c: 0.999989841 0.000010159 0.000000000
QJ:/rrc/c: 0.000003452 0.999996548 0.000000000
QQ:/rrc/c: 0.999999404 0.000000596 0.000000000
QK:/rrc/c: 0.425291992 0.574708008 0.000000000
KJ:/rrc/c: 0.337008191 0.662991809 0.000000000
KQ:/rrc/c: 0.516051858 0.483948142 0.000000000
KK:/rrc/c: 0.999999247 0.000000753 0.000000000
JJ:/rrc/crr: 0.000000000 0.999999773 0.000000227
JQ:/rrc/crr: 0.000000000 0.028751555 0.971248445
JK:/rrc/crr: 0.000000000 0.000001072 0.999998928
QJ:/rrc/crr: 0.000000000 0.090895549 0.909104451
QQ:/rrc/crr: 0.000000000 0.999999702 0.000000298
QK:/rrc/crr: 0.000000000 0.070775485 0.929224515
KJ:/rrc/crr: 0.000000000 0.999519175 0.000480825
KQ:/rrc/crr: 0.000000000 0.462347677 0.537652323
KK:/rrc/crr: 0.000000000 0.999999763 0.000000237
JJ:/rc/r: 0.999999735 0.000000133 0.000000133
JQ:/rc/r: 0.000000324 0.000000324 0.999999352
JK:/rc/r: 0.369135609 0.000000096 0.630864295
QJ:/rc/r: 0.019143428 0.000000111 0.980856461
QQ:/rc/r: 0.999999803 0.000000099 0.000000099
QK:/rc/r: 0.000000219 0.299653173 0.700346607
KJ:/rc/r: 0.022653452 0.732358776 0.244987772
KQ:/rc/r: 0.000001878 0.300348296 0.699649826
KK:/rc/r: 0.999999684 0.000000158 0.000000158
JJ:/rc/c: 0.999999801 0.000000199 0.000000000
JQ:/rc/c: 0.999747635 0.000252365 0.000000000
JK:/rc/c: 0.388054349 0.611945651 0.000000000
QJ:/rc/c: 0.000005653 0.999994347 0.000000000
QQ:/rc/c: 0.999999894 0.000000106 0.000000000
QK:/rc/c: 0.368620322 0.631379678 0.000000000
KJ:/rc/c: 0.437402656 0.562597344 0.000000000
KQ:/rc/c: 0.000050769 0.999949231 0.000000000
KK:/rc/c: 0.999999763 0.000000237 0.000000000
JJ:/rc/crr: 0.000000000 0.999999901 0.000000099
JQ:/rc/crr: 0.000000000 0.000000000 1.000000000
JK:/rc/crr: 0.000000000 0.000000185 0.999999815
QJ:/rc/crr: 0.000000000 0.002541205 0.997458795
QQ:/rc/crr: 0.000000000 0.999999971 0.000000029
QK:/rc/crr: 0.000000000 0.000277323 0.999722677
KJ:/rc/crr: 0.000000000 0.690018542 0.309981458
KQ:/rc/crr: 0.000000000 0.048536781 0.951463219
KK:/rc/crr: 0.000000000 0.999999882 0.000000118
J:/c: 0.296684213 0.703315787 0.000000000
Q:/c: 0.849318749 0.150681251 0.000000000
K:/c: 0.999963402 0.000036598 0.000000000
J:/crr: 0.000000000 0.999999975 0.000000025
Q:/crr: 0.000000000 0.999999681 0.000000319
K:/crr: 0.000000000 0.999999985 0.000000015
JJ:/crrc/r: 0.999999316 0.000000642 0.000000042
JQ:/crrc/r: 0.219407455 0.000000135 0.780592410
JK:/crrc/r: 0.202560136 0.000000688 0.797439176
QJ:/crrc/r: 0.019952714 0.000000000 0.980047286
QQ:/crrc/r: 0.999999627 0.000000331 0.000000042
QK:/crrc/r: 0.000004219 0.282960781 0.717035000
KJ:/crrc/r: 0.051759523 0.770445386 0.177795091
KQ:/crrc/r: 0.015900731 0.614958891 0.369140378
KK:/crrc/r: 0.999943509 0.000056449 0.000000042
JJ:/crrc/c: 0.999999937 0.000000063 0.000000000
JQ:/crrc/c: 0.045771422 0.954228578 0.000000000
JK:/crrc/c: 0.345045502 0.654954498 0.000000000
QJ:/crrc/c: 0.000000979 0.999999021 0.000000000
QQ:/crrc/c: 0.999999937 0.000000063 0.000000000
QK:/crrc/c: 0.146144455 0.853855545 0.000000000
KJ:/crrc/c: 0.357298578 0.642701422 0.000000000
KQ:/crrc/c: 0.604746986 0.395253014 0.000000000
KK:/crrc/c: 0.999999938 0.000000062 0.000000000
JJ:/crrc/crr: 0.000000000 0.999999968 0.000000032
JQ:/crrc/crr: 0.000000000 0.000005522 0.999994478
JK:/crrc/crr: 0.000000000 0.000002959 0.999997041
QJ:/crrc/crr: 0.000000000 0.206543635 0.793456365
QQ:/crrc/crr: 0.000000000 0.999999969 0.000000031
QK:/crrc/crr: 0.000000000 0.000052147 0.999947853
KJ:/crrc/crr: 0.000000000 0.871784788 0.128215212
KQ:/crrc/crr: 0.000000000 0.397208515 0.602791485
KK:/crrc/crr: 0.000000000 0.999999969 0.000000031
JJ:/crc/r: 0.636363560 0.363636356 0.000000084
JQ:/crc/r: 0.118127466 0.000000278 0.881872256
JK:/crc/r: 0.018900007 0.000001096 0.981098897
QJ:/crc/r: 0.000000681 0.000000086 0.999999232
QQ:/crc/r: 0.999999655 0.000000217 0.000000129
QK:/crc/r: 0.000002645 0.460253303 0.539744052
KJ:/crc/r: 0.000001561 0.733595609 0.266402831
KQ:/crc/r: 0.000000203 0.425332482 0.574667315
KK:/crc/r: 0.749999713 0.250000057 0.000000229
JJ:/crc/c: 0.999999874 0.000000126 0.000000000
JQ:/crc/c: 0.411155272 0.588844728 0.000000000
JK:/crc/c: 0.554012063 0.445987937 0.000000000
QJ:/crc/c: 0.514203194 0.485796806 0.000000000
QQ:/crc/c: 0.999999712 0.000000288 0.000000000
QK:/crc/c: 0.282140350 0.717859650 0.000000000
KJ:/crc/c: 0.142225917 0.857774083 0.000000000
KQ:/crc/c: 0.334796251 0.665203749 0.000000000
KK:/crc/c: 0.999998367 0.000001633 0.000000000
JJ:/crc/crr: 0.000000000 0.999999937 0.000000063
JQ:/crc/crr: 0.000000000 0.000030880 0.999969120
JK:/crc/crr: 0.000000000 0.000000799 0.999999201
QJ:/crc/crr: 0.000000000 0.000490112 0.999509888
QQ:/crc/crr: 0.000000000 0.999999898 0.000000102
QK:/crc/crr: 0.000000000 0.000127905 0.999872095
KJ:/crc/crr: 0.000000000 0.999999889 0.000000111
KQ:/crc/crr: 0.000000000 0.053529753 0.946470247
KK:/crc/crr: 0.000000000 0.999999491 0.000000509
JJ:/cc/r: 0.999999866 0.000000099 0.000000036
JQ:/cc/r: 0.035620594 0.000000000 0.964379406
JK:/cc/r: 0.000009459 0.000000036 0.999990505
QJ:/cc/r: 0.000001372 0.000001372 0.999997256
QQ:/cc/r: 0.999997441 0.000001292 0.000001267
QK:/cc/r: 0.000001771 0.726042771 0.273955457
KJ:/cc/r: 0.005848327 0.003505343 0.990646331
KQ:/cc/r: 0.013007186 0.984287665 0.002705149
KK:/cc/r: 0.998943625 0.000835902 0.000220473
JJ:/cc/c: 0.999999947 0.000000053 0.000000000
JQ:/cc/c: 0.070903183 0.929096817 0.000000000
JK:/cc/c: 0.007261441 0.992738559 0.000000000
QJ:/cc/c: 0.000005010 0.999994990 0.000000000
QQ:/cc/c: 0.999999857 0.000000143 0.000000000
QK:/cc/c: 0.051731849 0.948268151 0.000000000
KJ:/cc/c: 0.007524684 0.992475316 0.000000000
KQ:/cc/c: 0.002535921 0.997464079 0.000000000
KK:/cc/c: 0.997207573 0.002792427 0.000000000
JJ:/cc/crr: 0.000000000 0.999999973 0.000000027
JQ:/cc/crr: 0.000000000 0.000000000 1.000000000
JK:/cc/crr: 0.000000000 0.000003672 0.999996328
QJ:/cc/crr: 0.000000000 0.093275500 0.906724500
QQ:/cc/crr: 0.000000000 0.999999928 0.000000072
QK:/cc/crr: 0.000000000 0.999998798 0.000001202
KJ:/cc/crr: 0.000000000 0.964626727 0.035373273
KQ:/cc/crr: 0.000000000 0.754666638 0.245333362
KK:/cc/crr: 0.000000000 0.998599877 0.001400123
