#
# leduc strategy offense
# made on:       Thu Nov 10 14:35:30 2022
# abstraction:   ./abstractions/fullgame
# opponent:      ./abstractions/fullgame
# iterations:    100000000
#
J:/: 0.077309694 0.922690306 0.000000000
Q:/: 0.736543825 0.263456175 0.000000000
K:/: 0.754594861 0.245405139 0.000000000
J:/rr: 0.000000000 0.999999460 0.000000540
Q:/rr: 0.000000000 0.999999949 0.000000051
K:/rr: 0.000000000 0.999999863 0.000000137
JJ:/rrc/: 0.999971863 0.000028137 0.000000000
JQ:/rrc/: 0.113318008 0.886681992 0.000000000
JK:/rrc/: 0.535294545 0.464705455 0.000000000
QJ:/rrc/: 0.000000014 0.999999986 0.000000000
QQ:/rrc/: 0.991234918 0.008765082 0.000000000
QK:/rrc/: 0.129497909 0.870502091 0.000000000
KJ:/rrc/: 0.081887195 0.918112805 0.000000000
KQ:/rrc/: 0.707444077 0.292555923 0.000000000
KK:/rrc/: 0.541768675 0.458231325 0.000000000
JJ:/rrc/rr: 0.000000000 1.000000000 0.000000000
JQ:/rrc/rr: 0.000000000 0.000000000 1.000000000
JK:/rrc/rr: 0.000000000 0.000000113 0.999999887
QJ:/rrc/rr: 0.000000000 0.462662674 0.537337326
QQ:/rrc/rr: 0.000000000 1.000000000 0.000000000
QK:/rrc/rr: 0.000000000 0.000003791 0.999996209
KJ:/rrc/rr: 0.000000000 0.483899283 0.516100717
KQ:/rrc/rr: 0.000000000 0.393551128 0.606448872
KK:/rrc/rr: 0.000000000 1.000000000 0.000000000
JJ:/rrc/cr: 0.998217662 0.001782338 0.000000000
JQ:/rrc/cr: 0.000015297 0.000000000 0.999984703
JK:/rrc/cr: 0.873321700 0.000000087 0.126678213
QJ:/rrc/cr: 0.000000004 0.000000004 0.999999992
QQ:/rrc/cr: 1.000000000 0.000000000 0.000000000
QK:/rrc/cr: 0.000002048 0.294809820 0.705188131
KJ:/rrc/cr: 0.000188715 0.999807359 0.000003926
KQ:/rrc/cr: 0.012220700 0.942321919 0.045457382
KK:/rrc/cr: 0.999999986 0.000000014 0.000000000
JJ:/rc/: 0.969483431 0.030516569 0.000000000
JQ:/rc/: 0.999818978 0.000181022 0.000000000
JK:/rc/: 0.998763488 0.001236512 0.000000000
QJ:/rc/: 0.008053112 0.991946888 0.000000000
QQ:/rc/: 0.524284471 0.475715529 0.000000000
QK:/rc/: 0.455374734 0.544625266 0.000000000
KJ:/rc/: 0.081542294 0.918457706 0.000000000
KQ:/rc/: 0.000001578 0.999998422 0.000000000
KK:/rc/: 0.845843286 0.154156714 0.000000000
JJ:/rc/rr: 0.000000000 1.000000000 0.000000000
JQ:/rc/rr: 0.000000000 0.000000243 0.999999757
JK:/rc/rr: 0.000000000 0.000000121 0.999999879
QJ:/rc/rr: 0.000000000 0.000001581 0.999998419
QQ:/rc/rr: 0.000000000 1.000000000 0.000000000
QK:/rc/rr: 0.000000000 0.197365731 0.802634269
KJ:/rc/rr: 0.000000000 0.320515312 0.679484688
KQ:/rc/rr: 0.000000000 0.972996080 0.027003920
KK:/rc/rr: 0.000000000 0.999999964 0.000000036
JJ:/rc/cr: 1.000000000 0.000000000 0.000000000
JQ:/rc/cr: 0.001019004 0.000893328 0.998087668
JK:/rc/cr: 0.998435842 0.000065349 0.001498809
QJ:/rc/cr: 0.000000009 0.000000009 0.999999982
QQ:/rc/cr: 1.000000000 0.000000000 0.000000000
QK:/rc/cr: 0.030158361 0.511164424 0.458677215
KJ:/rc/cr: 0.001606917 0.989351961 0.009041122
KQ:/rc/cr: 0.000000423 0.494728794 0.505270783
KK:/rc/cr: 0.999999137 0.000000730 0.000000133
J:/cr: 0.018047675 0.036651296 0.945301028
Q:/cr: 0.147987311 0.852008155 0.000004534
K:/cr: 0.673671824 0.326328060 0.000000116
JJ:/crrc/: 0.982291280 0.017708720 0.000000000
JQ:/crrc/: 0.009932131 0.990067869 0.000000000
JK:/crrc/: 0.999994412 0.000005588 0.000000000
QJ:/crrc/: 0.009128209 0.990871791 0.000000000
QQ:/crrc/: 0.063178051 0.936821949 0.000000000
QK:/crrc/: 0.992716895 0.007283105 0.000000000
KJ:/crrc/: 0.067258109 0.932741891 0.000000000
KQ:/crrc/: 0.005753605 0.994246395 0.000000000
KK:/crrc/: 0.996953034 0.003046966 0.000000000
JJ:/crrc/rr: 0.000000000 1.000000000 0.000000000
JQ:/crrc/rr: 0.000000000 0.000563927 0.999436073
JK:/crrc/rr: 0.000000000 0.000000188 0.999999812
QJ:/crrc/rr: 0.000000000 0.000013075 0.999986925
QQ:/crrc/rr: 0.000000000 1.000000000 0.000000000
QK:/crrc/rr: 0.000000000 0.000079385 0.999920615
KJ:/crrc/rr: 0.000000000 0.416831476 0.583168524
KQ:/crrc/rr: 0.000000000 0.386730317 0.613269683
KK:/crrc/rr: 0.000000000 0.999999994 0.000000006
JJ:/crrc/cr: 1.000000000 0.000000000 0.000000000
JQ:/crrc/cr: 0.164148590 0.000000358 0.835851052
JK:/crrc/cr: 0.390020361 0.312771112 0.297208527
QJ:/crrc/cr: 0.000000054 0.000000054 0.999999892
QQ:/crrc/cr: 1.000000000 0.000000000 0.000000000
QK:/crrc/cr: 0.001289303 0.589805143 0.408905554
KJ:/crrc/cr: 0.000634645 0.998462030 0.000903325
KQ:/crrc/cr: 0.018063009 0.679182319 0.302754672
KK:/crrc/cr: 0.999956478 0.000042106 0.000001416
JJ:/crc/: 0.954911326 0.045088674 0.000000000
JQ:/crc/: 0.996525861 0.003474139 0.000000000
JK:/crc/: 0.033681986 0.966318014 0.000000000
QJ:/crc/: 0.028795548 0.971204452 0.000000000
QQ:/crc/: 0.990452317 0.009547683 0.000000000
QK:/crc/: 0.001777531 0.998222469 0.000000000
KJ:/crc/: 0.000000410 0.999999590 0.000000000
KQ:/crc/: 0.895869238 0.104130762 0.000000000
KK:/crc/: 0.067005975 0.932994025 0.000000000
JJ:/crc/rr: 0.000000000 1.000000000 0.000000000
JQ:/crc/rr: 0.000000000 0.000000000 1.000000000
JK:/crc/rr: 0.000000000 0.000002743 0.999997257
QJ:/crc/rr: 0.000000000 0.000000484 0.999999516
QQ:/crc/rr: 0.000000000 1.000000000 0.000000000
QK:/crc/rr: 0.000000000 0.000040486 0.999959514
KJ:/crc/rr: 0.000000000 0.300425435 0.699574565
KQ:/crc/rr: 0.000000000 0.000001938 0.999998062
KK:/crc/rr: 0.000000000 1.000000000 0.000000000
JJ:/crc/cr: 1.000000000 0.000000000 0.000000000
JQ:/crc/cr: 0.869587155 0.000000000 0.130412845
JK:/crc/cr: 0.002882654 0.000000064 0.997117282
QJ:/crc/cr: 0.003048141 0.000000010 0.996951850
QQ:/crc/cr: 1.000000000 0.000000000 0.000000000
QK:/crc/cr: 0.000005905 0.554738198 0.445255897
KJ:/crc/cr: 0.000000026 0.999999768 0.000000206
KQ:/crc/cr: 0.000000906 0.529723637 0.470275457
KK:/crc/cr: 0.999999865 0.000000135 0.000000000
JJ:/cc/: 0.000004647 0.999995353 0.000000000
JQ:/cc/: 0.205715129 0.794284871 0.000000000
JK:/cc/: 0.075789253 0.924210747 0.000000000
QJ:/cc/: 0.000000071 0.999999929 0.000000000
QQ:/cc/: 0.548128557 0.451871443 0.000000000
QK:/cc/: 0.580156053 0.419843947 0.000000000
KJ:/cc/: 0.000002888 0.999997112 0.000000000
KQ:/cc/: 0.000002994 0.999997006 0.000000000
KK:/cc/: 0.999745990 0.000254010 0.000000000
JJ:/cc/rr: 0.000000000 0.991256193 0.008743807
JQ:/cc/rr: 0.000000000 0.000000000 1.000000000
JK:/cc/rr: 0.000000000 0.000000134 0.999999866
QJ:/cc/rr: 0.000000000 0.500000000 0.500000000
QQ:/cc/rr: 0.000000000 0.999998062 0.000001938
QK:/cc/rr: 0.000000000 0.646116719 0.353883281
KJ:/cc/rr: 0.000000000 0.986767268 0.013232732
KQ:/cc/rr: 0.000000000 0.722117224 0.277882776
KK:/cc/rr: 0.000000000 0.999999813 0.000000187
JJ:/cc/cr: 0.971869484 0.028130489 0.000000027
JQ:/cc/cr: 0.000000085 0.000000000 0.999999915
JK:/cc/cr: 0.000032195 0.000000007 0.999967797
QJ:/cc/cr: 0.000000104 0.000000024 0.999999872
QQ:/cc/cr: 0.499999216 0.499999216 0.000001567
QK:/cc/cr: 0.028298979 0.971701021 0.000000000
KJ:/cc/cr: 0.000000621 0.000000899 0.999998480
KQ:/cc/cr: 0.000001413 0.420230199 0.579768388
KK:/cc/cr: 0.998818050 0.000691693 0.000490257
